2415
2219
2341
2299
2138
2308
2204
2306
2253
2576
2124
2106
2354
2111
2268
2417
2342
2254
2170
2901
2230
2327
2394
2265
2386
2134
2367
2369
2181
2619
2351
2376
2381
2353
2398
2562
2070
2190
2215
2028
2662
2169
2359
2464
2352
2629
2318
2155
2369
2457
2507
2375
2287
2200
2457
2485
2461
2293
2377
2322
2162
2247
2426
2133
2431
2564
2165
2319
2213
2042
2173
2353
2077
2417
2153
2282
2228
2237
2196
2528
2575
2228
2427
2251
2095
2340
2473
2123
2353
2251
2071
2385
2322
2068
2204
2155
2462
2303
2324
2221
2600
2406
2311
2084
2233
2217
2202
2350
2644
2347
2509
2142
2313
2240
2410
2013
2393
2306
2234
2282
