Task|Runtime.ms|Switches|Average.delay.ms|Maximum.delay.ms|Maximum.delay.at|Time|N.Of.Processes
a.out10916|985.999|5|0.066|0.254|4846.081227|986|1p
a.out10923|994.806|4|0.005|0.006|4847.369906|995|1p
a.out10930|996.387|2|0.005|0.005|4848.839510|996|1p
a.out10938|994.612|9|0.133|0.332|4850.149917|996|1p
a.out10945|1006.401|5|0.007|0.016|4851.506111|1005|1p
a.out10952|999.749|3|0.018|0.037|4852.819538|1000|1p
a.out10849|1022.676|5|0.053|0.187|4833.719808|1022|1p
a.out10854|997.209|2|0.005|0.006|4835.060317|997|1p
a.out10861|976.206|4|0.007|0.013|4836.427593|976|1p
a.out10869|1017.208|2|0.008|0.010|4837.827576|1016|1p
a.out10877|998.291|3|0.005|0.007|4839.148421|998|1p
a.out10884|1001.518|3|0.013|0.029|4840.523585|1000|1p
a.out10892|1011.663|4|0.052|0.174|4841.955153|1011|1p
a.out10900|1017.074|8|0.008|0.018|4843.255557|1016|1p
a.out10908|1006.793|3|0.018|0.041|4844.643592|1006|1p
a.out(4)|4284.305|111|0.146|3.962|5205.370601|1120|4p
a.out(4)|4357.156|121|0.093|3.339|5206.058642|1118|4p
a.out(4)|4183.733|209|0.387|22.670|5207.802178|1137|4p
a.out(4)|4379.553|92|0.095|4.198|5210.642604|1123|4p
a.out(4)|4300.866|82|0.366|14.444|5211.274593|1128|4p
a.out(4)|4221.090|104|0.209|12.242|5213.014816|1109|4p
a.out(4)|4283.465|110|3.043|27.990|5189.106602|1164|4p
a.out(4)|4411.555|71|0.649|15.985|5190.110614|1128|4p
a.out(4)|4231.254|233|0.095|6.187|5191.860792|1124|4p
a.out(4)|4404.380|99|0.873|16.018|5193.646624|1174|4p
a.out(4)|4402.507|111|0.704|13.713|5195.338612|1163|4p
a.out(4)|4416.381|86|0.150|3.179|5197.178851|1118|4p
a.out(4)|4314.622|109|0.081|3.743|5200.110627|1119|4p
a.out(4)|4166.206|95|0.582|12.001|5200.850594|1124|4p
a.out(4)|4338.555|81|0.074|4.187|5202.531282|1108|4p
a.out(4)|4230.543|312|0.072|5.474|5204.226598|1121|4p
a.out(4)|4341.475|120|0.067|3.339|5206.058643|1117|4p
a.out(2)|2098.331|66|0.113|5.067|5207.803665|1109|4p
a.out(4)|4264.754|85|0.099|4.197|5210.642604|1116|4p
a.out(4)|4373.840|100|1.004|14.444|5211.274595|1159|4p
a.out(3)|3251.183|104|0.125|3.541|5214.066601|1125|4p
a.out(4)|4394.084|140|2.578|27.989|5189.106603|1289|4p
a.out(4)|4390.634|67|0.528|15.985|5190.110613|1130|4p
a.out(4)|4159.925|126|0.040|1.499|5192.032108|1119|4p
a.out(4)|4216.397|91|0.518|16.018|5193.646623|1112|4p
a.out(4)|4348.252|104|0.572|13.713|5195.338611|1117|4p
a.out(4)|4428.165|301|0.047|3.179|5197.178852|1123|4p
a.out(4)|4386.324|120|0.106|3.743|5200.110628|1121|4p
a.out(4)|4151.243|67|0.704|12.000|5200.850593|1149|4p
a.out(4)|4356.289|92|0.173|4.188|5202.531283|1123|4p
a.out(4)|4193.288|104|0.092|3.962|5205.370600|1116|4p
a.out(4)|4221.197|99|0.070|3.232|5207.154594|1112|4p
a.out(4)|4269.095|216|0.375|22.670|5207.802177|1140|4p
a.out(4)|4379.043|248|0.050|4.198|5210.642605|1129|4p
a.out(3)|3250.848|87|0.731|14.444|5211.274594|1142|4p
a.out(4)|4235.924|108|0.075|3.541|5214.066601|1106|4p
a.out(4)|4273.753|182|1.701|27.989|5189.106603|1171|4p
a.out(4)|4346.369|76|0.574|15.985|5190.110615|1108|4p
a.out(4)|4282.822|112|0.044|1.499|5192.032109|1119|4p
a.out(4)|4335.506|85|0.893|16.018|5193.646624|1134|4p
a.out(4)|4385.577|105|0.498|13.714|5195.338611|1124|4p
a.out(4)|4695.575|322|0.055|3.541|5198.238627|1278|4p
a.out(4)|4380.266|127|0.100|3.743|5200.110628|1116|4p
a.out(4)|4150.704|97|0.575|12.001|5200.850595|1127|4p
a.out(4)|4321.281|77|0.077|4.187|5202.531281|1112|4p
a.out(4)|4300.687|124|0.100|3.476|5204.302640|1126|4p
a.out(4)|4353.340|119|0.088|3.339|5206.058641|1115|4p
a.out(4)|4263.228|104|0.450|22.670|5207.802177|1122|4p
a.out(4)|4321.651|244|0.034|2.823|5209.542656|1114|4p
a.out(4)|4383.023|95|0.969|14.444|5211.274593|1148|4p
a.out(4)|4351.642|119|0.213|12.242|5213.014816|1127|4p
a.out(4)|4321.222|181|1.840|27.989|5189.106603|1185|4p
a.out(3)|3297.399|50|0.862|15.985|5190.110615|1123|4p
a.out(4)|4290.245|238|0.096|6.187|5191.860791|1131|4p
a.out(2)|2168.459|30|0.142|3.501|5194.630613|1121|4p
a.out(4)|4368.421|99|0.419|13.714|5195.338610|1123|4p
a.out(3)|3532.499|54|0.180|3.543|5198.238627|1273|4p
a.out(4)|4336.207|121|0.172|12.007|5199.006596|1131|4p
a.out(3)|3191.755|56|0.695|12.001|5200.850593|1130|4p
a.out(4)|4358.996|92|0.173|4.187|5202.531283|1124|4p
a.out(6)|6506.218|694|9.625|41.002|5785.478320|2281|8p
a.out(8)|8095.170|2820|3.023|48.085|5787.638409|2319|8p
a.out(7)|7432.596|698|10.832|44.026|5791.842348|2310|8p
a.out(8)|8364.425|786|10.931|52.008|5795.262331|2376|8p
a.out(8)|8676.763|850|10.760|63.994|5799.366325|2390|8p
a.out(7)|7423.190|1513|5.031|36.026|5802.178365|2215|8p
a.out(6)|4680.238|494|12.794|52.032|5754.402353|1855|8p
a.out(4)|4319.477|419|10.433|31.994|5757.954315|2349|8p
a.out(7)|7497.592|1264|6.368|56.007|5761.162325|2451|8p
a.out(7)|7279.529|1130|6.791|54.632|5764.614326|2188|8p
a.out(8)|8174.896|761|11.157|39.995|5766.546324|2140|8p
a.out(4)|4301.464|408|11.117|31.989|5771.494318|2212|8p
a.out(8)|8814.985|917|9.854|64.009|5774.762329|2429|8p
a.out(8)|7843.126|833|10.146|60.572|5776.838145|2294|8p
a.out(8)|8647.177|766|11.433|40.029|5781.474348|2250|8p
a.out(8)|8193.584|846|9.962|31.977|5785.234322|2142|8p
a.out(6)|6741.247|840|8.041|32.012|5788.878335|2364|8p
a.out(6)|6580.164|625|10.665|44.026|5791.842350|2452|8p
a.out(4)|4248.230|417|10.493|52.009|5795.262332|2182|8p
a.out(6)|6510.081|604|10.723|36.622|5797.114331|2211|8p
a.out(7)|7400.841|1508|5.034|36.026|5802.178365|2236|8p
a.out(8)|8208.335|827|12.462|52.031|5754.402354|2448|8p
a.out(7)|7624.400|745|10.402|40.000|5758.406316|2303|8p
a.out(8)|8553.689|832|10.898|56.007|5761.162322|2440|8p
a.out(6)|6350.144|618|10.705|54.632|5764.614325|2267|8p
a.out(7)|7250.945|667|11.493|39.996|5766.546321|2241|8p
a.out(8)|8521.655|794|11.008|31.989|5771.494319|2214|8p
a.out(8)|8561.054|862|10.115|64.009|5774.762327|2298|8p
a.out(8)|6904.671|730|10.175|60.572|5776.838144|1914|8p
a.out(8)|9050.240|1278|7.256|40.029|5781.474350|2541|8p
a.out(4)|4198.041|424|10.119|41.002|5785.478319|2164|8p
a.out(8)|9136.194|1908|4.996|48.085|5787.638409|2531|8p
a.out(5)|4830.168|426|11.101|44.026|5791.842349|1935|8p
a.out(7)|6439.530|587|10.846|52.009|5795.262333|1841|8p
a.out(7)|7372.052|709|10.437|44.025|5798.562353|2160|8p
a.out(8)|8756.990|838|10.888|36.026|5802.178364|2420|8p
a.out(5)|5317.126|592|11.392|52.032|5754.402352|2605|8p
a.out(8)|8879.183|866|10.392|40.000|5758.406317|2345|8p
a.out(8)|7661.152|756|10.649|56.007|5761.162324|2086|8p
a.out(8)|8260.953|1219|7.049|54.632|5764.614327|2175|8p
a.out(8)|8530.756|795|11.111|39.995|5766.546324|2301|8p
a.out(8)|8233.375|756|11.134|31.989|5771.494319|2082|8p
a.out(6)|5991.431|610|10.304|64.009|5774.762329|2127|8p
a.out(7)|6553.405|669|10.029|60.572|5776.838141|1920|8p
a.out(8)|8540.656|755|11.552|40.029|5781.474348|2266|8p
a.out(8)|8485.978|891|9.789|31.977|5785.234322|2231|8p
a.out(7)|7403.036|823|9.097|32.012|5788.878334|2146|8p
a.out(7)|7173.532|674|10.795|44.026|5791.842349|2109|8p
a.out(8)|8915.306|876|10.589|55.367|5796.273680|2686|8p
a.out(8)|8835.434|1521|5.962|44.025|5798.562353|2396|8p
a.out(8)|8455.983|796|10.877|36.026|5802.178362|2169|8p
a.out(7)|7802.488|753|12.142|43.976|5752.898313|2747|8p
a.out(7)|7318.736|705|10.703|40.000|5758.406315|2147|8p
a.out(8)|8235.456|782|11.142|56.007|5761.162321|2291|8p
a.out(8)|8672.827|956|9.534|54.632|5764.614326|2407|8p
a.out(8)|8188.900|1069|8.029|39.995|5766.546326|2319|8p
a.out(8)|8814.444|848|10.653|35.430|5769.901425|2364|8p
a.out(8)|8669.116|885|10.078|64.009|5774.762327|2400|8p
a.out(7)|7674.479|833|9.428|60.572|5776.838143|2539|8p
a.out(8)|8471.342|1775|4.852|40.029|5781.474351|2266|8p
a.out(8)|8481.891|891|9.739|41.002|5785.478318|2412|8p
a.out(7)|7918.418|872|9.116|32.012|5788.878334|2364|8p
a.out(8)|8722.976|853|10.586|44.026|5791.842351|2378|8p
a.out(3)|3184.666|327|10.308|52.008|5795.262332|2225|8p
a.out(8)|8464.792|819|10.772|63.994|5799.366325|2267|8p
a.out(8)|8743.669|836|10.880|36.026|5802.178363|2426|8p
a.out(7)|6321.850|631|12.887|52.032|5754.402353|2120|8p
a.out(8)|8429.558|803|10.645|40.000|5758.406315|2146|8p
a.out(8)|8238.004|1832|4.734|56.007|5761.162326|2286|8p
a.out(8)|8275.064|779|11.128|54.632|5764.614324|2217|8p
a.out(8)|8703.219|817|11.074|39.995|5766.546323|2462|8p
a.out(6)|6696.252|618|10.859|35.431|5769.901424|2397|8p
a.out(8)|8457.628|858|10.016|64.009|5774.762328|2210|8p
a.out(5)|5403.268|580|8.955|40.008|5776.662326|2522|8p
a.out(7)|7269.901|625|11.895|40.029|5781.474347|2157|8p
a.out(6)|6510.644|705|9.500|41.002|5785.478319|2282|8p
a.out(6)|6819.913|772|9.070|35.998|5789.362318|2639|8p
a.out(8)|8146.015|1562|5.304|44.026|5791.842352|2239|8p
a.out(7)|7658.125|711|10.606|52.009|5795.262334|2323|8p
a.out(6)|6482.544|632|10.409|44.025|5798.562352|2230|8p
a.out(8)|8596.064|808|10.928|36.026|5802.178363|2247|8p
a.out(8)|8911.312|921|11.788|52.031|5754.402355|2801|8p
a.out(8)|8996.364|882|10.442|40.000|5758.406317|2575|8p
a.out(8)|8659.875|857|10.890|56.007|5761.162323|2660|8p
a.out(7)|7461.596|721|10.797|54.632|5764.614324|2589|8p
a.out(8)|8075.561|740|11.362|39.995|5766.546322|2085|8p
a.out(8)|8754.300|827|10.832|35.431|5769.901423|2312|8p
a.out(8)|8538.845|872|10.062|64.010|5774.762331|2389|8p
a.out(8)|8708.136|961|9.562|60.572|5776.838144|2489|8p
a.out(8)|8539.685|757|11.516|40.029|5781.474349|2232|8p
a.out(7)|7369.300|919|8.234|31.977|5785.234323|2249|8p
a.out(7)|7932.380|939|8.458|32.012|5788.878335|2378|8p
a.out(7)|7631.534|736|10.561|44.026|5791.842350|2403|8p
a.out(8)|8726.843|874|10.287|52.009|5795.262336|2459|8p
a.out(6)|6561.168|637|10.427|44.025|5798.562352|2246|8p
a.out(8)|8652.531|1864|4.791|36.026|5802.178364|2272|8p
a.out(7)|7501.303|777|11.891|52.032|5754.402352|2602|8p
a.out(7)|7519.649|738|10.444|40.000|5758.406314|2239|8p
a.out(5)|5160.089|498|11.127|56.007|5761.162324|2269|8p
a.out(8)|8051.900|2358|3.569|54.632|5764.614328|2219|8p
a.out(8)|8258.104|1075|8.052|39.995|5766.546325|2261|8p
a.out(7)|7350.837|686|11.128|31.989|5771.494317|2183|8p
a.out(8)|8319.929|837|10.247|64.009|5774.762326|2326|8p
a.out(7)|7495.492|811|9.410|60.572|5776.838142|2384|8p
a.out(7)|7919.455|1144|6.822|36.050|5782.126375|2459|8p
a.out(8)|8983.465|1118|8.282|41.001|5785.478321|2570|8p
a.out(8)|8621.622|954|9.360|48.085|5787.638405|2297|8p
a.out(8)|8525.699|849|10.201|44.026|5791.842351|2228|8p
a.out(7)|7431.226|686|10.731|52.009|5795.262334|2223|8p
a.out(4)|4460.909|447|10.809|63.994|5799.366326|2443|8p
a.out(8)|8593.559|3594|2.461|36.026|5802.178366|2304|8p
a.out(8)|8486.656|888|11.958|52.031|5754.402356|2607|8p
a.out(8)|8139.278|784|10.531|35.997|5757.886326|2213|8p
a.out(6)|6173.726|543|11.342|35.982|5761.182347|2174|8p
a.out(7)|7407.322|1166|6.708|54.632|5764.614328|2324|8p
a.out(6)|6288.741|585|11.701|32.865|5768.738318|2478|8p
a.out(8)|8274.254|2345|3.635|35.430|5769.901425|2282|8p
a.out(8)|7608.223|750|10.405|64.009|5774.762330|2031|8p
a.out(7)|7461.648|804|9.437|60.572|5776.838142|2350|8p
a.out(8)|8409.893|738|11.647|40.029|5781.474349|2174|8p
