a.out(8)|8743.125|935|9.733|55.157|1635.769291|2415|8p
a.out(5)|5311.776|580|9.729|39.995|1638.921555|2219|8p
a.out(8)|8620.292|1456|6.244|36.014|1641.165808|2341|8p
a.out(6)|6315.828|723|9.063|36.010|1646.038220|2299|8p
a.out(8)|7815.633|2539|3.427|72.002|1649.250523|2138|8p
a.out(8)|8438.664|1801|5.321|36.025|1652.966897|2308|8p
a.out(7)|7129.050|729|10.192|36.038|1603.510275|2204|8p
a.out(8)|7704.417|805|10.399|36.010|1606.790558|2306|8p
a.out(3)|3321.354|361|9.232|51.585|1610.122909|2253|8p
a.out(8)|8765.562|5053|1.830|39.998|1614.783305|2576|8p
a.out(8)|7965.158|878|9.512|52.003|1618.447637|2124|8p
a.out(8)|6165.469|6788|1.031|38.035|1620.151462|2106|8p
a.out(7)|7604.613|840|9.483|80.486|1625.424298|2354|8p
a.out(8)|7935.464|2049|4.067|42.693|1627.139143|2111|8p
a.out(8)|8300.282|986|8.899|60.009|1631.232833|2268|8p
a.out(6)|6506.326|702|9.702|55.157|1635.769292|2417|8p
a.out(3)|3283.947|380|9.325|39.995|1638.921556|2342|8p
a.out(7)|7313.551|863|9.080|36.005|1642.561902|2254|8p
a.out(7)|7179.019|797|9.373|36.010|1646.038219|2170|8p
a.out(5)|5410.972|836|7.873|72.002|1649.250521|2901|8p
a.out(8)|8049.749|1827|5.015|36.025|1652.966897|2230|8p
a.out(8)|8458.068|938|9.299|36.038|1603.510277|2327|8p
a.out(6)|6512.547|698|9.831|34.159|1607.424763|2394|8p
a.out(8)|8573.607|1491|5.988|51.586|1610.122912|2265|8p
a.out(7)|7560.197|2488|3.123|39.998|1614.783305|2386|8p
a.out(8)|8013.913|931|9.104|52.003|1618.447640|2134|8p
a.out(8)|8011.240|4258|2.079|38.036|1620.151461|2367|8p
a.out(4)|4211.632|461|9.882|28.037|1625.868363|2369|8p
a.out(8)|8074.520|851|9.774|52.004|1629.480664|2181|8p
a.out(8)|8716.466|2091|4.421|60.009|1631.232834|2619|8p
a.out(8)|8530.360|940|9.564|55.157|1635.769293|2351|8p
a.out(8)|8545.404|910|9.797|40.015|1638.905558|2376|8p
a.out(8)|8435.672|932|9.651|36.005|1642.561901|2381|8p
a.out(8)|8722.174|2014|4.439|36.010|1646.038221|2353|8p
a.out(8)|8429.257|2698|3.496|72.002|1649.250524|2398|8p
a.out(8)|8560.845|3364|2.931|55.120|1651.605893|2562|8p
a.out(8)|6838.021|2800|2.489|32.027|1603.198252|2070|8p
a.out(8)|8335.619|874|9.989|36.010|1606.790556|2190|8p
a.out(8)|8631.260|895|9.793|51.585|1610.122908|2215|8p
a.out(8)|7863.871|812|9.939|39.998|1614.783301|2028|8p
a.out(5)|5351.517|620|8.826|44.044|1619.531773|2662|8p
a.out(6)|5999.171|691|9.127|36.031|1621.471948|2169|8p
a.out(8)|8265.395|892|9.559|80.486|1625.424299|2359|8p
a.out(8)|8760.614|1155|7.714|52.004|1629.480665|2464|8p
a.out(8)|8386.653|2686|3.367|60.009|1631.232834|2352|8p
a.out(8)|8183.240|829|10.270|55.157|1635.769289|2629|8p
a.out(7)|7629.687|1537|5.187|39.995|1638.921558|2318|8p
a.out(7)|7207.327|783|9.575|36.005|1642.561902|2155|8p
a.out(8)|8750.713|2154|4.162|36.010|1646.038222|2369|8p
a.out(8)|8615.300|2734|3.581|72.002|1649.250522|2457|8p
a.out(8)|8615.394|1354|7.321|36.024|1652.966895|2507|8p
a.out(8)|8521.694|948|9.296|36.038|1603.510278|2375|8p
a.out(5)|5294.109|568|9.923|34.160|1607.424763|2287|8p
a.out(5)|5271.831|568|9.699|51.585|1610.122909|2200|8p
a.out(8)|8746.794|2502|3.644|39.998|1614.783304|2457|8p
a.out(8)|8706.214|1053|8.756|52.003|1618.447639|2485|8p
a.out(7)|7404.674|907|8.741|36.031|1621.471948|2461|8p
a.out(8)|8553.949|918|9.605|80.485|1625.424296|2293|8p
a.out(7)|7556.704|842|8.887|41.462|1628.646060|2377|8p
a.out(8)|8298.742|898|9.657|60.009|1631.232833|2322|8p
a.out(8)|8352.823|872|9.947|55.157|1635.769290|2162|8p
a.out(6)|6459.397|1173|5.698|39.995|1638.921558|2247|8p
a.out(8)|8771.096|1963|4.701|36.014|1641.165808|2426|8p
a.out(8)|8178.709|1120|7.435|36.010|1646.038221|2133|8p
a.out(8)|8558.038|2236|4.334|72.002|1649.250522|2431|8p
a.out(8)|8711.877|2426|4.182|55.119|1651.605892|2564|8p
a.out(8)|8219.697|884|9.577|36.038|1603.510276|2165|8p
a.out(8)|8400.123|907|9.525|36.010|1606.790554|2319|8p
a.out(8)|8592.636|886|9.717|51.585|1610.122907|2213|8p
a.out(7)|6750.482|2118|3.271|39.998|1614.783304|2042|8p
a.out(8)|8006.507|938|9.009|52.003|1618.447641|2173|8p
a.out(6)|6453.027|916|7.987|36.031|1621.471951|2353|8p
a.out(7)|7075.248|753|9.841|80.485|1625.424296|2077|8p
a.out(8)|8701.085|3016|3.012|42.693|1627.139144|2417|8p
a.out(8)|7874.963|2700|3.158|60.009|1631.232835|2153|8p
a.out(8)|8433.442|879|10.079|55.157|1635.769292|2282|8p
a.out(8)|8585.720|1103|8.167|40.015|1638.905561|2228|8p
a.out(8)|8141.077|1846|4.536|36.014|1641.165809|2237|8p
a.out(6)|6283.775|755|8.509|36.010|1646.038220|2196|8p
a.out(6)|6390.021|920|7.597|72.002|1649.250521|2528|8p
a.out(8)|8726.819|1518|6.652|36.025|1652.966896|2575|8p
a.out(8)|8127.220|866|9.585|36.038|1603.510275|2228|8p
a.out(8)|8552.978|952|9.380|36.010|1606.790555|2427|8p
a.out(8)|8580.288|1003|8.878|51.586|1610.122911|2251|8p
a.out(5)|4996.610|1423|3.593|39.998|1614.783303|2095|8p
a.out(7)|7391.877|864|9.288|52.003|1618.447639|2340|8p
a.out(3)|3310.948|416|8.967|36.012|1621.451926|2473|8p
a.out(8)|8155.278|859|9.752|80.486|1625.424298|2123|8p
a.out(6)|6447.350|1414|4.890|41.462|1628.646062|2353|8p
a.out(8)|7515.004|6105|1.329|60.009|1631.232836|2251|8p
a.out(8)|8106.333|807|10.395|55.157|1635.769289|2071|8p
a.out(8)|8754.680|2550|3.623|40.015|1638.905562|2385|8p
a.out(8)|8416.652|1899|4.595|36.014|1641.165809|2322|8p
a.out(8)|7653.130|2007|3.884|36.010|1646.038223|2068|8p
a.out(8)|8138.473|1190|7.678|72.002|1649.250520|2204|8p
a.out(8)|8095.588|1229|7.346|36.025|1652.966895|2155|8p
a.out(8)|8679.466|987|8.942|36.038|1603.510278|2462|8p
a.out(8)|8499.151|928|9.665|36.010|1606.790557|2303|8p
a.out(5)|5572.056|631|8.934|51.585|1610.122910|2324|8p
a.out(8)|8304.792|988|8.745|39.998|1614.783302|2221|8p
a.out(8)|8732.274|1058|8.792|52.003|1618.447638|2600|8p
a.out(5)|5412.354|733|8.471|36.031|1621.471950|2406|8p
a.out(7)|7549.505|833|9.510|80.486|1625.424297|2311|8p
a.out(6)|5925.950|950|6.647|41.462|1628.646061|2084|8p
a.out(7)|7010.336|2419|3.203|60.009|1631.232835|2233|8p
a.out(5)|5254.380|587|9.275|55.157|1635.769290|2217|8p
a.out(8)|8532.651|905|9.848|40.015|1638.905560|2202|8p
a.out(7)|7446.887|838|9.412|36.005|1642.561903|2350|8p
a.out(8)|8910.646|2197|4.223|43.144|1646.918287|2644|8p
a.out(7)|7364.611|2001|4.121|72.002|1649.250523|2347|8p
a.out(6)|6471.108|1116|7.012|36.024|1652.966896|2509|8p
a.out(7)|7050.194|785|9.362|36.038|1603.510276|2142|8p
a.out(8)|8273.130|877|10.078|36.010|1606.790558|2313|8p
a.out(8)|8613.951|1007|8.895|51.585|1610.122911|2240|8p
a.out(8)|8533.901|970|8.945|39.998|1614.783302|2410|8p
a.out(8)|7523.598|876|9.050|52.003|1618.447640|2013|8p
a.out(4)|4303.211|563|8.739|36.012|1621.451926|2393|8p
a.out(8)|8538.712|942|9.390|80.486|1625.424299|2306|8p
a.out(7)|7277.307|1848|4.064|42.693|1627.139144|2234|8p
a.out(8)|8145.219|873|9.751|60.009|1631.232832|2282|8p
