1102
1105
1160
1110
1119
1107
1112
1113
1111
1102
1112
1115
1108
1116
1108
1102
1101
1291
1116
1126
1092
1116
1103
1115
1110
1059
1118
1116
1115
1109
1117
1109
1245
1120
1093
1104
1129
1119
1113
1314
1120
1105
1114
1110
1106
1117
1109
1153
1108
1105
1109
1138
1099
1092
1099
1109
1108
1111
1107
1109
1118
1105
1156
1113
1142
1106
1098
1097
1110
1102
1108
1111
1102
1115
1115
1099
1110
1157
1113
1064
1094
1111
1099
1114
1109
1123
1110
1109
1110
1114
1100
1112
1263
1113
1109
1099
1119
1115
1105
1109
1104
1107
1121
1112
1106
1106
1110
1298
1115
1117
1105
1113
1122
1115
1316
1112
1113
1106
1107
1117
